int level7[] = {
    11, 11, 11, 11, 11, 11, 11, 11, 11, 11, 11, 11, 11, 11, 11, 11,
    11, 11, 11, 11, 11, 11, 11, 11, 11, 11, 11, 11, 11, 11, 11, 11,
    11, 11, 11, 11, 11, 11, 11, 11, 11, 11, 11, 11, 11, 11, 11, 11,
    12, 11, 12, 11, 12, 11, 12, 12, 12, 12, 11, 11, 11, 11, 11, 11,
    11, 11, 11, 11, 11, 11, 11, 11, 12, 11, 11, 11, 11, 11, 11, 11,
    11, 11, 11, 11, 11, 11, 11, 11, 12, 11, 11, 11, 11, 12, 12, 11,
    13, 11, 11, 11, 11, 11, 11, 11, 12, 11, 11, 11, 11, 11, 11, 11,
    12, 12, 12, 12, 12, 11, 11, 11, 12, 12, 11, 11, 11, 11, 11, 11,
    12, 12, 12, 12, 12, 11, 11, 11, 12, 12, 11, 11, 11, 11, 11, 11,
    12, 12, 12, 12, 12, 11, 11, 11, 12, 12, 11, 11, 11, 12, 12, 11, 
    12, 12, 12, 12, 12, 11, 11, 11, 12, 12, 11, 11, 11, 11, 11, 11, 
    12, 12, 12, 12, 12, 12, 12, 12, 12, 12, 12, 12, 11, 11, 11, 11,
};

int level8[] = {
    11, 11, 11, 11, 11, 11, 13, 11, 11, 11, 11, 11, 11, 11, 11, 11,
    11, 11, 11, 11, 11, 11, 12, 11, 11, 11, 11, 11, 11, 11, 11, 11,
    11, 11, 11, 11, 11, 11, 11, 11, 11, 11, 11, 11, 11, 11, 11, 11,
    11, 11, 11, 11, 11, 11, 11, 12, 11, 11, 11, 11, 12, 11, 11, 11,
    11, 11, 11, 11, 11, 11, 11, 11, 12, 11, 11, 11, 11, 11, 11, 11,
    11, 11, 11, 11, 11, 11, 11, 11, 11, 11, 12, 11, 11, 11, 11, 11,
    11, 11, 11, 11, 11, 11, 11, 11, 11, 11, 11, 11, 11, 11, 12, 11,
    12, 12, 11, 11, 11, 11, 11, 11, 11, 11, 11, 11, 11, 11, 11, 11,
    11, 11, 11, 11, 11, 11, 11, 11, 11, 11, 11, 11, 11, 11, 11, 11,
    11, 11, 11, 11, 12, 11, 11, 11, 12, 11, 11, 11, 12, 11, 11, 11, 
    11, 11, 11, 11, 11, 11, 11, 11, 11, 11, 11, 11, 11, 11, 11, 11, 
    11, 11, 11, 11, 11, 11, 11, 11, 11, 11, 11, 11, 11, 11, 11, 11,
};

int level9[] = {
    11, 11, 11, 11, 11, 11, 11, 11, 11, 11, 11, 11, 11, 11, 11, 11,
    12, 12, 12, 12, 12, 12, 12, 12, 11, 12, 12, 12, 12, 12, 12, 12,
    12, 12, 12, 12, 12, 12, 12, 12, 11, 11, 12, 12, 11, 11, 11, 12,
    11, 13, 12, 11, 12, 11, 12, 12, 12, 11, 12, 11, 11, 11, 11, 12,
    11, 12, 11, 11, 12, 11, 11, 11, 12, 11, 11, 11, 12, 11, 11, 11,
    11, 11, 11, 11, 11, 11, 11, 11, 11, 12, 11, 11, 11, 11, 11, 11,
    12, 11, 11, 11, 11, 11, 12, 11, 11, 11, 12, 11, 11, 11, 12, 11,
    11, 11, 11, 11, 12, 11, 11, 11, 11, 11, 12, 11, 11, 11, 12, 11,
    11, 11, 11, 11, 11, 11, 12, 11, 12, 11, 11, 12, 12, 12, 12, 11,
    11, 11, 11, 12, 11, 11, 12, 11, 12, 12, 11, 11, 11, 11, 11, 11, 
    11, 11, 11, 12, 11, 11, 12, 11, 12, 12, 12, 12, 12, 12, 12, 12, 
    12, 12, 12, 12, 12, 12, 12, 12, 12, 12, 12, 12, 12, 12, 12, 12,
};
